4.5620 1.659 2567.25 1446.88
9.4570 1.752 2813.84 1542.46
14.514 1.788 2962.02 1612.00
19.495 1.797 3006.42 1626.48
24.181 1.805 2961.51 1598.40
28.984 1.804 2988.06 1638.05
33.968 1.805 2970.20 1668.69
38.772 1.798 2969.02 1604.56
43.607 1.812 2927.70 1601.34
48.483 1.806 2957.98 1583.39
53.341 1.783 2832.82 1560.42
58.144 1.780 2908.91 1580.55
63.214 1.787 2944.44 1614.76
68.002 1.827 2925.68 1598.86
72.921 1.828 2901.38 1578.61
77.681 1.821 2971.35 1622.41
82.037 1.816 2941.26 1603.16
87.293 1.810 2948.25 1589.99
92.436 1.812 2875.89 1594.67
94.822 1.743 2885.20 1582.70
98.96 1.784 2911.99 1580.72
103.642 1.807 2925.23 1646.75
108.835 1.801 2881.63 1589.15
113.690 1.832 2952.04 1619.27
118.481 1.833 2978.12 1617.21
123.431 1.829 2967.45 1621.34
128.022 1.828 2959.31 1649.12
133.081 1.832 2963.26 1711.87
137.855 1.832 2949.24 1678.17
142.854 1.812 2962.80 1636.71
147.743 1.813 2974.08 1626.73
152.583 1.818 2936.61 1599.72
157.540 1.814 2960.58 1644.42
162.549 1.822 2932.13 1632.24
167.157 1.825 2942.62 1643.02
171.972 1.815 2939.45 1615.38
176.991 1.825 2911.17 1625.00
182.097 1.818 2907.44 1637.48
187.002 1.816 2946.26 1653.50
191.905 1.820 2913.29 1654.57
196.719 1.814 2942.63 1658.95
201.532 1.822 2972.99 1658.58
206.268 1.824 2989.22 1665.79
211.182 1.822 2959.59 1650.21
216.210 1.829 3032.71 1653.15
221.160 1.841 3001.94 1701.43
225.917 1.847 2995.30 1676.82
230.878 1.850 2999.36 1726.94
235.599 1.848 3026.01 1764.17
240.573 1.863 3056.90 1738.84
245.425 1.878 3130.67 1726.86
250.386 1.887 3177.23 1755.56
255.352 1.884 3209.08 1813.45
260.054 1.884 3217.84 1831.88
264.893 1.902 3305.90 1867.90
269.953 1.907 3361.58 1924.79
274.830 1.925 3367.92 1952.65
280.341 2.006 3540.08 2011.19
