1.76 1.90 1880.8 3531.8
1.77 1.94 2130.8 3831.8
1.78 1.98 2210.8 4031.8
1.79 2.02 2360.8 4231.8
1.80 2.06 2610.8 4481.8
1.81 2.10 2860.8 4731.8
1.82 2.14 3110.8 4981.8
1.83 2.18 3360.8 5231.8
1.84 2.22 3610.8 5481.8
1.85 2.26 3960.8 5731.8
1.86 2.30 4310.8 5981.8
1.87 2.34 4610.8 6231.8
1.88 2.38 4160.8 6481.8
1.89 2.42 3710.8 6231.8
1.90 2.46 3260.8 5981.8
1.91 2.50 2810.8 5731.8
1.92 2.54 2460.8 5481.8
1.93 2.58 2110.8 5131.8
1.94 2.62 2060.8 4881.8
1.95 2.66 2010.8 4681.8
1.96 2.70 2000.8 4481.8
1.97 2.74 1990.8 4431.8
1.98 2.78 1980.8 4381.8
1.99 2.82 1970.8 4331.8
2.00 2.86 1960.8 4281.8
2.01 2.90 1950.8 4231.8
2.02 2.94 1940.8 4181.8
2.03 2.98 1930.8 4131.8
2.04 3.02 1920.8 4081.8
2.05 3.06 1910.8 4031.8
2.06 3.10 1900.8 3981.8
2.07 3.14 1890.8 3931.8
2.08 3.18 1880.8 3881.8
2.09 3.22 1870.8 3831.8
2.10 3.26 1860.8 3781.8
2.11 3.30 1850.8 3731.8
2.12 3.34 1840.8 3681.8
2.13 3.38 1830.8 3631.8
2.14 3.42 1820.8 3581.8
2.15 3.46 1810.8 3531.8
2.16 3.50 1800.8 3481.8
2.17 3.54 1790.8 3431.8
2.18 3.58 1780.8 3381.8
2.19 3.62 1770.8 3331.8
2.20 3.66 1760.8 3281.8
