   2.2748712e+03
   2.5458763e+03
   2.8176447e+03
   3.0605428e+03
   3.2613360e+03
   3.4174761e+03
   3.5320765e+03
   3.6106532e+03
   3.6593045e+03
   3.6838091e+03
   3.6892490e+03
   3.6799088e+03
   3.6593073e+03
   3.6302851e+03
   3.5951078e+03
   3.5555663e+03
   3.5130658e+03
   3.4687018e+03
   3.4233230e+03
   3.3775818e+03
   3.3319757e+03
   3.2868800e+03
   3.2425738e+03
   3.1992608e+03
   3.1570856e+03
   3.1161466e+03
   3.0765064e+03
   3.0381999e+03
   3.0012403e+03
   2.9656251e+03
   2.9313391e+03
   2.8983584e+03
   2.8666524e+03
   2.8361863e+03
   2.8069223e+03
   2.7788211e+03
   2.7518426e+03
   2.7259470e+03
   2.7010950e+03
   2.6772484e+03
   2.6543702e+03
   2.6324248e+03
   2.6113781e+03
   2.5911974e+03
   2.5718514e+03
