   3.5318000e+03
   3.5324628e+03
   3.5655091e+03
   3.7313582e+03
   4.0533860e+03
   4.4552581e+03
   4.8542929e+03
   5.2012129e+03
   5.4772039e+03
   5.6816261e+03
   5.8223336e+03
   5.9100084e+03
   5.9553353e+03
   5.9678073e+03
   5.9553654e+03
   5.9244256e+03
   5.8800604e+03
   5.8262217e+03
   5.7659562e+03
   5.7015921e+03
   5.6348952e+03
   5.5671935e+03
   5.4994762e+03
   5.4324719e+03
   5.3667085e+03
   5.3025603e+03
   5.2402840e+03
   5.1800470e+03
   5.1219491e+03
   5.0660389e+03
   5.0123268e+03
   4.9607955e+03
   4.9114071e+03
   4.8641096e+03
   4.8188415e+03
   4.7755352e+03
   4.7341200e+03
   4.6945241e+03
   4.6566760e+03
   4.6205059e+03
   4.5859461e+03
   4.5529314e+03
   4.5213997e+03
   4.4912917e+03
   4.4625508e+03
